timestamp pid ppid ni stat pcpu pmem rss_kb vsz_kb elapsed_s command
2026-09-28T16:45:15+09:00    7439    7438   0 S    15.0  0.0  1828   4012       0 agent-leak-app
2026-09-28T16:45:15+09:00    7441    7439  10 SN    9.3  0.2 18792  23660       0 agent-leak-app
2026-09-28T16:45:19+09:00    7439    7438   0 S     2.0  0.0  1828   4012       3 agent-leak-app
2026-09-28T16:45:19+09:00    7441    7439  10 SN    1.0  0.2 18792  23660       3 agent-leak-app
2026-09-28T16:45:22+09:00    7439    7438   0 S     1.1  0.0  1828   4012       7 agent-leak-app
2026-09-28T16:45:22+09:00    7441    7439  10 SN    0.5  0.2 18792  23660       7 agent-leak-app
2026-09-28T16:45:25+09:00    7439    7438   0 S     0.7  0.0  1828   4012      10 agent-leak-app
2026-09-28T16:45:25+09:00    7441    7439  10 SNl   0.3  0.2 22944 171244      10 agent-leak-app
2026-09-28T16:45:29+09:00    7439    7438   0 S     0.5  0.0  1828   4012      13 agent-leak-app
2026-09-28T16:45:29+09:00    7441    7439  10 SNl   0.2  0.2 22944 171244      13 agent-leak-app
2026-09-28T16:45:32+09:00    7439    7438   0 S     0.4  0.0  1828   4012      17 agent-leak-app
2026-09-28T16:45:32+09:00    7441    7439  10 SNl   0.2  0.2 22944 171244      17 agent-leak-app
2026-09-28T16:45:35+09:00    7439    7438   0 S     0.3  0.0  1828   4012      20 agent-leak-app
2026-09-28T16:45:35+09:00    7441    7439  10 SNl   0.1  0.2 22944 171244      20 agent-leak-app
2026-09-28T16:45:39+09:00    7439    7438   0 S     0.3  0.0  1828   4012      23 agent-leak-app
2026-09-28T16:45:39+09:00    7441    7439  10 SNl   0.1  0.2 22944 171244      23 agent-leak-app
2026-09-28T16:45:42+09:00    7439    7438   0 S     0.2  0.0  1828   4012      27 agent-leak-app
2026-09-28T16:45:42+09:00    7441    7439  10 SNl   0.1  0.2 22944 171244      26 agent-leak-app
2026-09-28T16:45:45+09:00    7439    7438   0 S     0.2  0.0  1828   4012      30 agent-leak-app
2026-09-28T16:45:45+09:00    7441    7439  10 SNl   0.1  0.2 22944 171244      30 agent-leak-app
2026-09-28T16:45:49+09:00    7439    7438   0 S     0.2  0.0  1828   4012      33 agent-leak-app
2026-09-28T16:45:49+09:00    7441    7439  10 SNl   0.1  0.2 22944 171244      33 agent-leak-app
2026-09-28T16:45:52+09:00    7439    7438   0 S     0.2  0.0  1828   4012      36 agent-leak-app
2026-09-28T16:45:52+09:00    7441    7439  10 SNl   0.1  0.2 22944 171244      36 agent-leak-app
2026-09-28T16:45:55+09:00    7439    7438   0 S     0.1  0.0  1828   4012      40 agent-leak-app
2026-09-28T16:45:55+09:00    7441    7439  10 SNl   0.0  0.2 22944 171244      40 agent-leak-app
2026-09-28T16:45:59+09:00    7439    7438   0 S     0.1  0.0  1828   4012      43 agent-leak-app
2026-09-28T16:45:59+09:00    7441    7439  10 SNl   0.0  0.2 22944 171244      43 agent-leak-app
2026-09-28T16:46:02+09:00    7439    7438   0 S     0.1  0.0  1828   4012      46 agent-leak-app
2026-09-28T16:46:02+09:00    7441    7439  10 SNl   0.0  0.2 22944 171244      46 agent-leak-app
