timestamp pid ppid ni stat pcpu pmem rss_kb vsz_kb elapsed_s command
2026-09-28T16:44:23+09:00    5526    5525   0 S    15.6  0.0  1840   3700       0 agent-leak-app
2026-09-28T16:44:23+09:00    5528    5526  10 SN    7.1  0.2 19472  24336       0 agent-leak-app
2026-09-28T16:44:26+09:00    5526    5525   0 S     2.0  0.0  1840   3700       3 agent-leak-app
2026-09-28T16:44:26+09:00    5528    5526  10 SNl   1.8  0.6 49292 197524       3 agent-leak-app
2026-09-28T16:44:30+09:00    5526    5525   0 S     1.1  0.0  1840   3700       7 agent-leak-app
2026-09-28T16:44:30+09:00    5528    5526  10 SNl   1.1  0.9 74896 223128       7 agent-leak-app
2026-09-28T16:44:33+09:00    5526    5525   0 S     0.7  0.0  1840   3700      10 agent-leak-app
2026-09-28T16:44:33+09:00    5528    5526  10 SNl   1.0  1.2 100500 248732     10 agent-leak-app
2026-09-28T16:44:36+09:00    5526    5525   0 S     0.5  0.0  1840   3700      13 agent-leak-app
2026-09-28T16:44:36+09:00    5528    5526  10 SNl   0.9  1.5 126104 274336     13 agent-leak-app
2026-09-28T16:44:40+09:00    5526    5525   0 S     0.4  0.0  1840   3700      17 agent-leak-app
2026-09-28T16:44:40+09:00    5528    5526  10 SNl   0.8  1.8 151708 299940     17 agent-leak-app
2026-09-28T16:44:43+09:00    5526    5525   0 S     0.3  0.0  1840   3700      20 agent-leak-app
2026-09-28T16:44:43+09:00    5528    5526  10 SNl   0.8  2.1 177312 325544     20 agent-leak-app
2026-09-28T16:44:46+09:00    5526    5525   0 S     0.3  0.0  1840   3700      23 agent-leak-app
2026-09-28T16:44:46+09:00    5528    5526  10 SNl   0.7  2.4 202916 351148     23 agent-leak-app
2026-09-28T16:44:50+09:00    5526    5525   0 S     0.2  0.0  1840   3700      27 agent-leak-app
2026-09-28T16:44:50+09:00    5528    5526  10 SNl   0.7  2.7 228520 376752     26 agent-leak-app
2026-09-28T16:44:53+09:00    5526    5525   0 S     0.2  0.0  1840   3700      30 agent-leak-app
2026-09-28T16:44:53+09:00    5528    5526  10 SNl   0.7  3.1 254124 402356     30 agent-leak-app
2026-09-28T16:44:56+09:00    5526    5525   0 S     0.2  0.0  1840   3700      33 agent-leak-app
2026-09-28T16:44:56+09:00    5528    5526  10 SNl   0.7  3.7 305332 453564     33 agent-leak-app
2026-09-28T16:45:00+09:00    5526    5525   0 S     0.2  0.0  1840   3700      36 agent-leak-app
2026-09-28T16:45:00+09:00    5528    5526  10 SNl   0.7  4.0 330936 479168     36 agent-leak-app
2026-09-28T16:45:03+09:00    5526    5525   0 S     0.1  0.0  1840   3700      40 agent-leak-app
2026-09-28T16:45:03+09:00    5528    5526  10 SNl   0.7  4.3 356540 504772     40 agent-leak-app
2026-09-28T16:45:06+09:00    5526    5525   0 S     0.1  0.0  1840   3700      43 agent-leak-app
2026-09-28T16:45:06+09:00    5528    5526  10 SNl   0.7  4.6 382144 530376     43 agent-leak-app
2026-09-28T16:45:09+09:00    5526    5525   0 S     0.1  0.0  1840   3700      46 agent-leak-app
2026-09-28T16:45:09+09:00    5528    5526  10 SNl   0.7  4.9 407748 555980     46 agent-leak-app
