timestamp pid ppid ni stat pcpu pmem rss_kb vsz_kb elapsed_s command
2026-09-28T16:42:52+09:00    2175    2174   0 S    17.6  0.0  1828   4300       0 agent-leak-app
2026-09-28T16:42:52+09:00    2177    2175  10 SN    9.5  0.2 17404  22384       0 agent-leak-app
2026-09-28T16:42:55+09:00    2175    2174   0 S     2.3  0.0  1828   4300       3 agent-leak-app
2026-09-28T16:42:55+09:00    2177    2175  10 SNl   1.6  0.5 47224 196596       3 agent-leak-app
2026-09-28T16:42:58+09:00    2175    2174   0 S     1.2  0.0  1828   4300       7 agent-leak-app
2026-09-28T16:42:58+09:00    2177    2175  10 SNl   1.1  0.8 72828 222200       7 agent-leak-app
2026-09-28T16:43:02+09:00    2175    2174   0 S     0.8  0.0  1828   4300      10 agent-leak-app
2026-09-28T16:43:02+09:00    2177    2175  10 SNl   1.1  1.2 98432 247804      10 agent-leak-app
2026-09-28T16:43:05+09:00    2175    2174   0 S     0.6  0.0  1828   4300      13 agent-leak-app
2026-09-28T16:43:05+09:00    2177    2175  10 SNl   1.0  1.5 124036 273408     13 agent-leak-app
2026-09-28T16:43:08+09:00    2175    2174   0 S     0.5  0.0  1828   4300      17 agent-leak-app
2026-09-28T16:43:08+09:00    2177    2175  10 SNl   0.8  1.8 149640 299012     17 agent-leak-app
2026-09-28T16:43:11+09:00    2175    2174   0 S     0.4  0.0  1828   4300      20 agent-leak-app
2026-09-28T16:43:11+09:00    2177    2175  10 SNl   0.8  2.1 175244 324616     20 agent-leak-app
2026-09-28T16:43:15+09:00    2175    2174   0 S     0.3  0.0  1828   4300      23 agent-leak-app
2026-09-28T16:43:15+09:00    2177    2175  10 SNl   0.8  2.4 200848 350220     23 agent-leak-app
2026-09-28T16:43:18+09:00    2175    2174   0 S     0.3  0.0  1828   4300      27 agent-leak-app
2026-09-28T16:43:18+09:00    2177    2175  10 SNl   0.8  2.7 226452 375824     26 agent-leak-app
2026-09-28T16:43:21+09:00    2175    2174   0 S     0.2  0.0  1828   4300      30 agent-leak-app
2026-09-28T16:43:21+09:00    2177    2175  10 SNl   0.7  3.0 252056 401428     30 agent-leak-app
2026-09-28T16:43:25+09:00    2175    2174   0 S     0.2  0.0  1828   4300      33 agent-leak-app
2026-09-28T16:43:25+09:00    2177    2175  10 SNl   0.8  3.6 303264 452636     33 agent-leak-app
2026-09-28T16:43:28+09:00    2175    2174   0 S     0.2  0.0  1828   4300      37 agent-leak-app
2026-09-28T16:43:28+09:00    2177    2175  10 SNl   0.7  4.0 328868 478240     36 agent-leak-app
2026-09-28T16:43:31+09:00    2175    2174   0 S     0.2  0.0  1828   4300      40 agent-leak-app
2026-09-28T16:43:31+09:00    2177    2175  10 SNl   0.7  4.3 354472 503844     40 agent-leak-app
2026-09-28T16:43:35+09:00    2175    2174   0 S     0.2  0.0  1828   4300      43 agent-leak-app
2026-09-28T16:43:35+09:00    2177    2175  10 SNl   0.7  4.6 380076 529448     43 agent-leak-app
2026-09-28T16:43:38+09:00    2175    2174   0 S     0.1  0.0  1828   4300      46 agent-leak-app
2026-09-28T16:43:38+09:00    2177    2175  10 SNl   0.7  4.9 405680 555052     46 agent-leak-app
