timestamp pid ppid ni stat pcpu pmem rss_kb vsz_kb elapsed_s command
2026-09-28T16:46:08+09:00    9352    9351   0 S    17.3  0.0  1832   4280       0 agent-leak-app
2026-09-28T16:46:08+09:00    9354    9352  10 SN    9.5  0.2 18780  23660       0 agent-leak-app
2026-09-28T16:46:11+09:00    9352    9351   0 S     2.3  0.0  1832   4280       3 agent-leak-app
2026-09-28T16:46:11+09:00    9354    9352  10 SNl   1.8  0.5 48600 196848       3 agent-leak-app
2026-09-28T16:46:14+09:00    9352    9351   0 S     1.2  0.0  1832   4280       7 agent-leak-app
2026-09-28T16:46:14+09:00    9354    9352  10 SNl   1.2  0.9 74204 222452       7 agent-leak-app
2026-09-28T16:46:18+09:00    9352    9351   0 S     0.8  0.0  1832   4280      10 agent-leak-app
2026-09-28T16:46:18+09:00    9354    9352  10 SNl   1.0  1.2 99808 248056      10 agent-leak-app
2026-09-28T16:46:21+09:00    9352    9351   0 S     0.6  0.0  1832   4280      13 agent-leak-app
2026-09-28T16:46:21+09:00    9354    9352  10 SNl   0.8  1.5 125412 273660     13 agent-leak-app
2026-09-28T16:46:24+09:00    9352    9351   0 S     0.5  0.0  1832   4280      17 agent-leak-app
2026-09-28T16:46:24+09:00    9354    9352  10 SNl   0.8  1.8 151016 299264     16 agent-leak-app
2026-09-28T16:46:28+09:00    9352    9351   0 S     0.4  0.0  1832   4280      20 agent-leak-app
2026-09-28T16:46:28+09:00    9354    9352  10 SNl   0.7  2.1 176620 324868     20 agent-leak-app
2026-09-28T16:46:31+09:00    9352    9351   0 S     0.3  0.0  1832   4280      23 agent-leak-app
2026-09-28T16:46:31+09:00    9354    9352  10 SNl   0.7  2.4 202224 350472     23 agent-leak-app
2026-09-28T16:46:34+09:00    9352    9351   0 S     0.3  0.0  1832   4280      27 agent-leak-app
2026-09-28T16:46:34+09:00    9354    9352  10 SNl   0.7  2.7 227828 376076     26 agent-leak-app
2026-09-28T16:46:38+09:00    9352    9351   0 S     0.2  0.0  1832   4280      30 agent-leak-app
2026-09-28T16:46:38+09:00    9354    9352  10 SNl   0.6  3.0 253432 401680     30 agent-leak-app
2026-09-28T16:46:41+09:00    9352    9351   0 S     0.2  0.0  1832   4280      33 agent-leak-app
2026-09-28T16:46:41+09:00    9354    9352  10 SNl   0.7  3.7 304640 452888     33 agent-leak-app
2026-09-28T16:46:44+09:00    9352    9351   0 S     0.2  0.0  1832   4280      37 agent-leak-app
2026-09-28T16:46:44+09:00    9354    9352  10 SNl   0.7  4.0 330244 478492     36 agent-leak-app
2026-09-28T16:46:48+09:00    9352    9351   0 S     0.2  0.0  1832   4280      40 agent-leak-app
2026-09-28T16:46:48+09:00    9354    9352  10 SNl   0.7  4.3 355848 504096     40 agent-leak-app
2026-09-28T16:46:51+09:00    9352    9351   0 S     0.2  0.0  1832   4280      43 agent-leak-app
2026-09-28T16:46:51+09:00    9354    9352  10 SNl   0.6  4.6 381452 529700     43 agent-leak-app
2026-09-28T16:46:54+09:00    9352    9351   0 S     0.1  0.0  1832   4280      46 agent-leak-app
2026-09-28T16:46:54+09:00    9354    9352  10 SNl   0.7  4.9 407056 555304     46 agent-leak-app
